Self-explanitory audio settings file.
masterVolume=100.000000
sfxVolume=100.000000
musicVolume=100.000000